1111111111100000000000111110000011111100000011000111100011111001001110000101100111111001101100101011101101010110011010101110010110011010011000010111001010110110101010110001110010101011001011101101001100010110101011010101111000001101010001000101011110011
1111111111100000000000111110000011111100000011100011100100111101011010000001111011110111001100101101111001001110001111111111011110000110011010000111011100011011010101101011010010100110110011100110011001010101010110011000111001001010100110010011100011101
1111111111100000000000111110000011111100000011100101100010111101011001000010111011110111001100101101111001001110001111111111011110000110011010000111011100011011011010110011010101100110110011010110011010010101001110011000111001001010100110010011100011101
1111111111100000000000111110000011111100000011100101100010111101011001000010111011111110001110000111101011001011011011111111011110000011011000101101001100110001111010110011010101100110110011010110011010010101001110011000111001001010100110010011100011101
1111111111100000000000111110000011111100000011100101100100111101011001000001111011111110001100100111101011001110011011111111011110000100111001001011110010101011101010101010110101110010101101001110011010010011001110101000111001001010100110010011100101110
1111111111100000000000111110000011111100000011100110100100111101011000100001111011111100101110000111101110001011011011111111011110000101011001001011101010101011101001101010110110110011001101001101011000110011011010101000111001001010100110010011100101110
1111111111100000000000111110000011111100000011101010010001101110011010101011010011100101100111001011111100100011011101011110110100101110000110111010110111000110011111001001110101010111100101010101010001111001100011010100101100101001001100101001101111110
1111111111100000000000111110000011111100000011101010100010110111011010000010110111110110101110001101110011001011011101111111011110000001111010001110100110001010110110101010101001101010110001101110011000110101011011010000111000100110000011010011100101110
1111111111100000000000111110000011111100000011101010100010110111011010000010110111111010101101001101101011001101011101111111011110000011011000101110001110100010110110110010101001101010110001011110011000110101011011010000111001000110100011010011100101110
1111111111100000000000111110000011111100000011101010100100110111011010000001110111110110101100101110110011001110011011111111011110000001111001001110100110100001110110100111001001101011001001101101101000110101011011010000111000101010000101000111100011010
1111111111100000000000111110000011111100000011101100011000011110010101100111010011101011000101111001110101100101001111101101011101100010101110011100010101100101101011000111010111001001011100011101010001011110010011001010101000101010110010001011101110111
1111111111100000000000111110000011111100000011101100100100101111011001000001111011110101101101001110110101001101011011111111011110000010111000101110010110100010110110101011001001101010101001101101101000110101011011010000111001000110100011010011100101110
1111111111100000000000111110000011111100000011101100100100101111011001000001111011111010101101001101101011001101011101111111011110000011011000101110001110100010111010101011001101101010110001101101011000110101011011010000111001000110100011010011100101110
1111111111100000000000111110000011111100000011110001010001110110010111001001110101011010110101000111001110001101010111101110011101100011011001011010100100101101101101110001110110101011001011100101010100111100100010110110110100001101000011100001101110111
1111111111100000000000111110000011111100000011110001100010110111010011000010111110111110001100100111101011001110011011111111011110000010111010001110010010011010111010101010110101110010101101001110011010010011001110101000111001001010100110010011100101110
1111111111100000000000111110000011111100000011110001100010110111010011000010111110111110001100100111101011001110011011111111011110000010111010001110010100011001111001101011010101110010101101001110011001010101010110011000111001000110101010010011100011010
1111111111100000000000111110000011111100000011110001100010110111010011000010111110111110001100100111101011001110011011111111011110000011011001001110001010101010110110110010110001101011001101001101011010010011001110101000111001000110101010010011100101110
1111111111100000000000111110000011111100000011110001100100110111010011000001111110111101001101000111101101001101011011111111011110000011011010001110001010011010110101110010110010101011001101001101011000110011011010101000111001001010100110010011100101110
1111111111100000000000111110000011111100000011110001100100110111010011000001111110111101001101000111101101001101011011111111011110000011011010001110001100011001110101110010110010101011001011001110011001010101010110011000111001001010101010001011100011010
1111111111100000000000111110000011111100000011110010100010110111010010100010111110110111001100101101111001001110001111111111011110000001111010001101100010011010111001110010110110100111010101010101011010010011001110101000111001001010100110010011100110111
1111111111100000000000111110000011111100000011110010100010110111010010100010111110110111001100101101111001001110001111111111011110000110011010001011011100011011010101101011010010100110110011100101011001010101010110011000111001000110101010010011100110111
1111111111100000000000111110000011111100000011110010100010110111010010100010111110110111001100101101111001001110001111111111011110000110011010001011011100011011011010110010110101100111010011010101011010010101001110011000111001001010100110010011100110111
1111111111100000000000111110000011111100000011110010100010110111010010100010111110111100101110000111101110001011011011111111011110000011011010001110001010011010111001101010110110110011001101001101011000110011011010101000111001001010100110010011100101110
1111111111100000000000111110000011111100000011110010100100110111010010100001111110110101101101001101111100001101001111111111011110000011011000101101001010110010111001110010110110100111010101010101011001010011010110101000111001000110101010010011100110111
1111111111100000000000111110000011111100000011110010100100110111010010100001111110110101101101001101111100001101001111111111011110000110011001001011011100101011011001110010110101100111010101010101011000110101011010011000111001000110101010010011100110111
1111111111100000000000111110000011111100000011110100100001110111010101000011010111110110101110001101110011001011011101111111011110000011011010001110001110010001111010101011001101100111010001101101011000110101011011010000111000100110001001000111100011010
1111111111100000000000111110000011111100000011110100100010101111010101000010111011110101101101001110110101001101011011111111011110000011011010001110001110001010110110101011001001110010101001011101101000110101011011010000111000100110000011010011100101110
1111111111100000000000111110000011111100000011110100100010101111010101000010111011110110101110001101110011001011011101111111011110000011011010001110001110001010111010101011001101101010110001101101011000110101011011010000111000100110000011010011100101110
1111111111100000000000111110000011111100000011110100100010110111010001100010111110110101101101001101111100001101001111111111011110000101011010001011101100011011010101101010110001100111010101100101011000110101011010011000111001000110101010010011100110111
1111111111100000000000111110000011111100000101101100010010101111011001110101010011011101001010101011000111000111011011110110110100110011010001111010001110100110011011100001110100111011100011001101011010010110100111100010011011001010111000100011011111101
1111111111100000000000111110000011111100000101101100010010101111011101001110001011011001110001110011000111000111011011110110110100110011001010111010100101010110011111100010110100111011100110001011010101001110000111100100101011001010111000100011011111101
1111111111100000000000111110000011111100000101101100010010101111011101010101001011011001101010110011000111000111011011110110110100110011010001111010100011100110011111100010110100111011100110001011011010001110100111100010101011001010111000100011011111101
1111111111100000000000111110000011111100000101101100010010101111101011001010101011011001110001110011111001001110011010111110110100110101001110011010110101010110010111100010110100011111100110001011010101001110000111100100101011001010111000100011011111101
1111111111100000000000111110000011111100000101110100001010101111010101111001010011011110001010101011000111000111011011101110110100110011011000111010001100110110010101110011100010101001110011001101011010010110001111100000011011001010111000100011011111101
1111111111100000000000111110000011111100000110101001100010101111100111000011101110111010101101001101100111100101110011101101110100011010001010010111001101100110101011100001110001001111001101011101001010011100100111100010010111010010110010001011011110011
1111111111100000000000111110000011111100000110110010000011011110111100101010110011100110111001001101100111101100010110111100111110100100010100011110110010011110100110011010110001110011001111001001011010011100101010101001100111001010111000001101101110111
1111111111100000000000111110000011111100000110110100000101111011101100101011000111111011010101001011101011001011101010111101110101010001111010011100010010011110100010100110110110011010011111000011011000011011110010110110011001111000100110100011110101111
